                    accuracy  precision  recall     f1  f1_std
mode                                                                      
mul+sub                0.979      0.525   0.485  0.500   0.057
sub+mul*w              0.978      0.504   0.485  0.492   0.055
mul+sub+mul*w          0.978      0.504   0.485  0.492   0.055
mul+sub*w              0.978      0.516   0.470  0.489   0.054
mul+sub+sub*w          0.978      0.516   0.470  0.489   0.054
mul+mul*w+sub*w        0.977      0.494   0.480  0.485   0.068
mul*w+sub*w            0.977      0.494   0.480  0.485   0.068
sub+mul*w+sub*w        0.977      0.494   0.480  0.485   0.068
mul+sub+mul*w+sub*w    0.977      0.494   0.480  0.485   0.068
original               0.976      0.470   0.490  0.479   0.074
mul                    0.975      0.443   0.467  0.453   0.051
mul*w                  0.974      0.429   0.462  0.443   0.057
mul+mul*w              0.974      0.429   0.462  0.443   0.057
sub                    0.972      0.392   0.490  0.435   0.042
sub*w                  0.972      0.390   0.487  0.432   0.035
sub+sub*w              0.972      0.390   0.487  0.432   0.035